0 0.288372 0.656863 0.097674 0.211765
0 0.206977 0.611765 0.071318 0.145098
0 0.251938 0.405882 0.077519 0.164706
0 0.318605 0.419608 0.111628 0.262745
0 0.373643 0.658824 0.141085 0.270588
0 0.396124 0.409804 0.111628 0.258824
0 0.447287 0.613725 0.117829 0.180392
0 0.477519 0.401961 0.128682 0.258824
0 0.527907 0.609804 0.111628 0.227451
0 0.562016 0.394118 0.142636 0.258824
0 0.627907 0.598039 0.175194 0.235294
0 0.660465 0.394118 0.106977 0.172549
0 0.688372 0.572549 0.113178 0.223529
0 0.738760 0.413725 0.127132 0.172549