0 0.180108 0.402878 0.100806 0.212230
0 0.238575 0.665468 0.123656 0.291367
0 0.248656 0.368705 0.122312 0.251799
0 0.303763 0.642086 0.133065 0.302158
0 0.336694 0.347122 0.118280 0.258993
0 0.375672 0.609712 0.118280 0.273381
0 0.420699 0.347122 0.135753 0.258993
0 0.463038 0.613309 0.134409 0.294964
0 0.503360 0.357914 0.134409 0.258993
0 0.559140 0.602518 0.154570 0.287770
0 0.581989 0.374101 0.108871 0.205036
0 0.620968 0.615108 0.098118 0.248201
0 0.657258 0.381295 0.114247 0.212230
0 0.702957 0.593525 0.116935 0.241007
0 0.740591 0.393885 0.122312 0.151079
0 0.782930 0.532374 0.115591 0.176259