0 0.774144 0.256098 0.099620 0.168514
0 0.764259 0.458980 0.081369 0.188470
0 0.729658 0.291574 0.092776 0.190687
0 0.704183 0.503326 0.092015 0.228381
0 0.660456 0.319290 0.124715 0.184035
0 0.650951 0.526608 0.087452 0.226164
0 0.613308 0.341463 0.107985 0.170732
0 0.598479 0.538803 0.079848 0.206208
0 0.564639 0.369180 0.080608 0.146341
0 0.539924 0.552106 0.084411 0.206208
0 0.505703 0.396896 0.096578 0.175166
0 0.471863 0.576497 0.097338 0.206208
0 0.441445 0.426829 0.094297 0.155211
0 0.400380 0.590909 0.136882 0.217295
0 0.387072 0.450111 0.084411 0.161863
0 0.359316 0.605322 0.069962 0.144124
0 0.333840 0.492239 0.081369 0.144124
0 0.302281 0.648559 0.098859 0.159645
0 0.282510 0.524390 0.073004 0.128603
0 0.256654 0.648559 0.066920 0.110865
0 0.208365 0.598670 0.096578 0.161863