0 0.793505 0.508214 0.046569 0.069815
0 0.743873 0.450719 0.069853 0.176591
0 0.687500 0.602669 0.084559 0.127310
0 0.678309 0.404517 0.066176 0.207392
0 0.625613 0.592402 0.088235 0.119097
0 0.623775 0.414784 0.082108 0.186858
0 0.564338 0.563655 0.098039 0.123203
0 0.564951 0.410678 0.079657 0.145791
0 0.500000 0.548255 0.118873 0.112936
0 0.504289 0.422998 0.075980 0.117043
0 0.450980 0.553388 0.111520 0.123203
0 0.436275 0.432238 0.089461 0.127310
0 0.384191 0.565708 0.102941 0.114990
0 0.360907 0.406571 0.085784 0.149897
0 0.329044 0.547228 0.115196 0.106776
0 0.297794 0.448665 0.099265 0.094456
0 0.234681 0.531828 0.085784 0.084189