0 0.801013 0.455631 0.115774 0.293515
0 0.821274 0.242321 0.069465 0.126280
0 0.729378 0.237201 0.128799 0.204778
0 0.721418 0.496587 0.107091 0.259386
0 0.651954 0.518771 0.092619 0.235495
0 0.668596 0.293515 0.111433 0.167235
0 0.598408 0.336177 0.109986 0.177474
0 0.578148 0.540956 0.098408 0.211604
0 0.518813 0.346416 0.127352 0.225256
0 0.505065 0.554608 0.091172 0.191126
0 0.455861 0.389078 0.102750 0.194539
0 0.430535 0.564846 0.089725 0.163823
0 0.378437 0.402730 0.112880 0.208191
0 0.347323 0.573379 0.094067 0.139932
0 0.306078 0.436860 0.092619 0.174061
0 0.266281 0.593857 0.088278 0.119454
0 0.179450 0.453925 0.163531 0.242321