0 0.736041 0.429688 0.061760 0.183036
0 0.729272 0.272321 0.088832 0.127232
0 0.678511 0.276786 0.068528 0.136161
0 0.665398 0.450893 0.052453 0.162946
0 0.618020 0.319196 0.081218 0.109375
0 0.606599 0.470982 0.063452 0.176339
0 0.560068 0.337054 0.071912 0.136161
0 0.545262 0.485491 0.072758 0.165179
0 0.499154 0.381696 0.071912 0.158482
0 0.486887 0.474330 0.057530 0.156250
0 0.433587 0.392857 0.059222 0.078125
0 0.407360 0.503348 0.081218 0.142857
0 0.369712 0.425223 0.071912 0.138393
0 0.342217 0.529018 0.072758 0.140625
0 0.310491 0.454241 0.068528 0.075893
0 0.282149 0.524554 0.082910 0.131696
0 0.201777 0.463170 0.116751 0.138393
0 0.199662 0.584821 0.076988 0.122768