0 0.196918 0.505510 0.070776 0.137741
0 0.219178 0.713499 0.083333 0.134986
0 0.258562 0.498623 0.116438 0.234160
0 0.299658 0.754821 0.139269 0.250689
0 0.335046 0.508264 0.100457 0.225895
0 0.344749 0.669421 0.087900 0.140496
0 0.406393 0.447658 0.108447 0.242424
0 0.469178 0.436639 0.115297 0.220386
0 0.513699 0.597796 0.113014 0.151515
0 0.543379 0.418733 0.110731 0.201102
0 0.564498 0.586777 0.136986 0.162534
0 0.618151 0.418733 0.100457 0.190083
0 0.654110 0.542700 0.097032 0.162534
0 0.704909 0.376033 0.114155 0.148760
0 0.731735 0.484848 0.108447 0.146006
0 0.797374 0.381543 0.118721 0.159780
0 0.438927 0.634986 0.116438 0.159780