0 0.226380 0.593590 0.148737 0.143590
0 0.285781 0.634615 0.132834 0.200000
0 0.251637 0.514103 0.090739 0.102564
0 0.339102 0.505128 0.110384 0.115385
0 0.363424 0.608974 0.095416 0.169231
0 0.398503 0.452564 0.100094 0.158974
0 0.433583 0.584615 0.097287 0.187179
0 0.458372 0.407692 0.128157 0.171795
0 0.513564 0.530769 0.081384 0.151282
0 0.523386 0.364103 0.130964 0.182051
0 0.568288 0.537179 0.114125 0.241026
0 0.591207 0.320513 0.139383 0.217949
0 0.648269 0.514103 0.103835 0.266667
0 0.690365 0.285897 0.103835 0.205128
0 0.709074 0.519231 0.079514 0.205128
0 0.774088 0.279487 0.130964 0.161538
0 0.797007 0.375641 0.085126 0.148718