0 0.740328 0.394118 0.044549 0.160000
0 0.658851 0.456471 0.059789 0.143529
0 0.601407 0.511765 0.050410 0.197647
0 0.508792 0.564706 0.092614 0.171765
0 0.470692 0.607059 0.065651 0.171765
0 0.438453 0.616471 0.083236 0.218824
0 0.383353 0.648235 0.071512 0.150588
0 0.301290 0.600000 0.113716 0.148235
0 0.399766 0.516471 0.087925 0.084706
0 0.461899 0.463529 0.118406 0.105882
0 0.524033 0.401176 0.130129 0.136471
0 0.590856 0.354118 0.123095 0.150588
0 0.664127 0.307059 0.117233 0.122353
0 0.727433 0.245882 0.103165 0.127059