0 0.752351 0.272455 0.082550 0.158683
0 0.769592 0.456587 0.062696 0.143713
0 0.735110 0.479042 0.085684 0.212575
0 0.690700 0.296407 0.082550 0.176647
0 0.655695 0.529940 0.108673 0.266467
0 0.619645 0.306886 0.122257 0.245509
0 0.588819 0.552395 0.108673 0.251497
0 0.543887 0.342814 0.131661 0.233533
0 0.504702 0.564371 0.128527 0.227545
0 0.467085 0.375749 0.113898 0.203593
0 0.417973 0.576347 0.138976 0.215569
0 0.378788 0.372754 0.127482 0.227545
0 0.338558 0.579341 0.128527 0.173653
0 0.301985 0.434132 0.122257 0.146707
0 0.225705 0.517964 0.159875 0.206587