0 0.840119 0.313452 0.074479 0.167513
0 0.800894 0.250000 0.045680 0.055838
0 0.783019 0.362944 0.065541 0.159898
0 0.740814 0.233503 0.098312 0.129442
0 0.726415 0.397208 0.069513 0.182741
0 0.675273 0.256345 0.104270 0.134518
0 0.672294 0.430203 0.070506 0.208122
0 0.616683 0.280457 0.098312 0.121827
0 0.605263 0.464467 0.067527 0.190355
0 0.544687 0.335025 0.101291 0.134518
0 0.547666 0.494924 0.051639 0.154822
0 0.492552 0.368020 0.076465 0.124365
0 0.474181 0.519036 0.065541 0.147208
0 0.413605 0.417513 0.103277 0.106599
0 0.398213 0.550761 0.066534 0.144670
0 0.344091 0.468274 0.077458 0.065990
0 0.322244 0.572335 0.065541 0.101523
0 0.264151 0.536802 0.064548 0.081218