0 0.195423 0.625899 0.068662 0.111511
0 0.154049 0.498201 0.049296 0.079137
0 0.242077 0.422662 0.098592 0.237410
0 0.305458 0.714029 0.133803 0.309353
0 0.312500 0.413669 0.116197 0.284173
0 0.377641 0.669065 0.147887 0.255396
0 0.397007 0.390288 0.158451 0.359712
0 0.445423 0.627698 0.153169 0.237410
0 0.486796 0.402878 0.140845 0.276978
0 0.525528 0.600719 0.133803 0.190647
0 0.546655 0.399281 0.147887 0.219424
0 0.602113 0.588129 0.132042 0.223022
0 0.592430 0.417266 0.119718 0.169065
0 0.657570 0.562950 0.088028 0.179856
0 0.660211 0.411871 0.128521 0.151079
0 0.727113 0.541367 0.100352 0.165468
0 0.726232 0.404676 0.137324 0.143885