0 0.156085 0.624172 0.069841 0.165563
0 0.140741 0.514901 0.056085 0.079470
0 0.210582 0.463576 0.064550 0.168874
0 0.242857 0.710265 0.093122 0.251656
0 0.264021 0.450331 0.080423 0.221854
0 0.302116 0.682119 0.116402 0.274834
0 0.325397 0.427152 0.107937 0.235099
0 0.361905 0.657285 0.085714 0.211921
0 0.378307 0.418874 0.110053 0.251656
0 0.428571 0.639073 0.096296 0.228477
0 0.468783 0.632450 0.094180 0.254967
0 0.446032 0.384106 0.101587 0.241722
0 0.498942 0.397351 0.084656 0.208609
0 0.542328 0.577815 0.080423 0.198675
0 0.557143 0.379139 0.093122 0.178808
0 0.605291 0.564570 0.079365 0.211921
0 0.617989 0.360927 0.094180 0.175497
0 0.669841 0.528146 0.079365 0.172185
0 0.699471 0.341060 0.111111 0.175497
0 0.742857 0.508278 0.068783 0.132450
0 0.785714 0.341060 0.065608 0.162252
0 0.820106 0.453642 0.068783 0.115894
0 0.848148 0.374172 0.107937 0.142384