0 0.775683 0.490223 0.063148 0.145251
0 0.752121 0.263966 0.074458 0.195531
0 0.735627 0.476257 0.069746 0.217877
0 0.697455 0.290503 0.080113 0.181564
0 0.682375 0.452514 0.053723 0.142458
0 0.646560 0.300279 0.081998 0.206704
0 0.625353 0.474860 0.058435 0.142458
0 0.595664 0.332402 0.065033 0.153631
0 0.576814 0.479050 0.055608 0.134078
0 0.532045 0.357542 0.084826 0.159218
0 0.518379 0.494413 0.061263 0.120112
0 0.476909 0.402235 0.068803 0.136872
0 0.454288 0.525140 0.051838 0.114525
0 0.407163 0.432961 0.083883 0.136872
0 0.386899 0.571229 0.058435 0.117318
0 0.360038 0.469274 0.076343 0.131285
0 0.331291 0.600559 0.050895 0.114525
0 0.306315 0.508380 0.065033 0.114525
0 0.278040 0.627095 0.059378 0.106145
0 0.246937 0.555866 0.070688 0.081006
0 0.229972 0.646648 0.048068 0.078212
0 0.211593 0.642458 0.092366 0.103352