0 0.219968 0.541502 0.035714 0.075099
0 0.233766 0.375494 0.056818 0.114625
0 0.333604 0.636364 0.142857 0.383399
0 0.340097 0.349802 0.126623 0.181818
0 0.402597 0.592885 0.112013 0.296443
0 0.439123 0.335968 0.149351 0.256917
0 0.474026 0.588933 0.108766 0.193676
0 0.543831 0.592885 0.137987 0.201581
0 0.504870 0.349802 0.131494 0.245059
0 0.602273 0.399209 0.150974 0.193676
0 0.654221 0.624506 0.144481 0.225296
0 0.695617 0.422925 0.165584 0.241107
0 0.732955 0.612648 0.142857 0.177866
0 0.811688 0.616601 0.112013 0.154150
0 0.771104 0.450593 0.125000 0.201581