0 0.161290 0.591036 0.052688 0.109244
0 0.249462 0.738095 0.149462 0.246499
0 0.280108 0.533613 0.088172 0.184874
0 0.341935 0.738095 0.125806 0.246499
0 0.350538 0.514006 0.082796 0.207283
0 0.404839 0.683473 0.109677 0.198880
0 0.426882 0.470588 0.100000 0.254902
0 0.475269 0.669468 0.097849 0.187675
0 0.482258 0.462185 0.081720 0.243697
0 0.541398 0.656863 0.118280 0.179272
0 0.565054 0.445378 0.120430 0.254902
0 0.602151 0.613445 0.102151 0.148459
0 0.626882 0.425770 0.072043 0.154062
0 0.668280 0.567227 0.116129 0.156863
0 0.715591 0.500000 0.079570 0.112045
0 0.679570 0.401961 0.069892 0.151261
0 0.731720 0.361345 0.075269 0.137255
0 0.769892 0.457983 0.076344 0.112045
0 0.782258 0.309524 0.083871 0.156863
0 0.824194 0.336134 0.107527 0.148459