0 0.758637 0.443939 0.054155 0.181818
0 0.736695 0.268182 0.083100 0.175758
0 0.712418 0.472727 0.062558 0.196970
0 0.685808 0.333333 0.078431 0.160606
0 0.634921 0.566667 0.109244 0.293939
0 0.617647 0.357576 0.100840 0.209091
0 0.578898 0.581818 0.101774 0.245455
0 0.557890 0.410606 0.078431 0.181818
0 0.503735 0.624242 0.121382 0.245455
0 0.487862 0.448485 0.093371 0.178788
0 0.440710 0.627273 0.107376 0.178788
0 0.435107 0.468182 0.073763 0.121212
0 0.383287 0.619697 0.149393 0.193939
0 0.382820 0.460606 0.084967 0.130303
0 0.307656 0.569697 0.126984 0.136364
0 0.302988 0.416667 0.065359 0.127273
0 0.248833 0.496970 0.085901 0.130303