0 0.820450 0.265333 0.135029 0.218667
0 0.748532 0.292000 0.083170 0.197333
0 0.676125 0.314667 0.092955 0.173333
0 0.615460 0.362667 0.112524 0.189333
0 0.529843 0.388000 0.111546 0.202667
0 0.465264 0.430667 0.080235 0.197333
0 0.384540 0.449333 0.096869 0.165333
0 0.315068 0.485333 0.085127 0.162667
0 0.233855 0.585333 0.083170 0.160000
0 0.272505 0.641333 0.103718 0.149333
0 0.351272 0.616000 0.104697 0.146667
0 0.270059 0.493333 0.061644 0.130667
0 0.414873 0.628000 0.104697 0.181333
0 0.497065 0.592000 0.106654 0.189333
0 0.566536 0.564000 0.106654 0.213333
0 0.631115 0.536000 0.128180 0.242667
0 0.727984 0.496000 0.063601 0.194667
0 0.690802 0.524000 0.110568 0.250667
0 0.788160 0.453333 0.048924 0.168000