0 0.766522 0.243689 0.052174 0.066019
0 0.742609 0.342718 0.075652 0.143689
0 0.700870 0.271845 0.079130 0.095146
0 0.675217 0.379612 0.073043 0.147573
0 0.638696 0.310680 0.074783 0.095146
0 0.601739 0.438835 0.082609 0.153398
0 0.568696 0.372816 0.080870 0.095146
0 0.530000 0.496117 0.086957 0.143689
0 0.496522 0.433981 0.079130 0.089320
0 0.460435 0.535922 0.074783 0.110680
0 0.418261 0.499029 0.075652 0.087379
0 0.376087 0.597087 0.102609 0.151456
0 0.336522 0.557282 0.068696 0.071845
0 0.311304 0.642718 0.080870 0.118447
0 0.277826 0.576699 0.078261 0.106796
0 0.237826 0.644660 0.073043 0.087379