0 0.694389 0.447028 0.071142 0.183463
0 0.700401 0.583979 0.111222 0.126615
0 0.652305 0.574935 0.071142 0.113695
0 0.637275 0.439276 0.133267 0.214470
0 0.571142 0.600775 0.101202 0.186047
0 0.548597 0.445736 0.072144 0.139535
0 0.495491 0.594315 0.108216 0.209302
0 0.425852 0.586563 0.109218 0.188630
0 0.472445 0.419897 0.082164 0.170543
0 0.404810 0.419897 0.073146 0.144703
0 0.361723 0.573643 0.103206 0.167959
0 0.328657 0.436693 0.101202 0.167959
0 0.273547 0.591731 0.131263 0.188630
0 0.240982 0.459948 0.152305 0.142119
0 0.212425 0.585271 0.123246 0.186047