0 0.761771 0.416796 0.073788 0.163297
0 0.771609 0.287714 0.096275 0.088647
0 0.713282 0.330482 0.083626 0.087092
0 0.696416 0.451011 0.068166 0.147745
0 0.659522 0.360031 0.075896 0.087092
0 0.643008 0.480560 0.065355 0.144635
0 0.600141 0.384914 0.078004 0.099533
0 0.586437 0.507776 0.060436 0.127527
0 0.547084 0.422240 0.078707 0.093313
0 0.529515 0.541991 0.060436 0.143079
0 0.489459 0.448678 0.077301 0.090202
0 0.471539 0.567652 0.058327 0.138414
0 0.435348 0.472784 0.074491 0.082426
0 0.421293 0.577760 0.056219 0.118196
0 0.377723 0.498445 0.067463 0.083981
0 0.367885 0.614308 0.052003 0.119751
0 0.329234 0.530327 0.056219 0.076205
0 0.317287 0.639191 0.057625 0.113530
0 0.281799 0.580871 0.075193 0.052877
0 0.252987 0.667963 0.080815 0.115086
0 0.821152 0.381026 0.115249 0.275272