0 0.204545 0.626087 0.050395 0.368116
0 0.278162 0.765217 0.108696 0.228986
0 0.324605 0.652174 0.098814 0.176812
0 0.373024 0.562319 0.063241 0.130435
0 0.435771 0.514493 0.064229 0.127536
0 0.502964 0.495652 0.076087 0.165217
0 0.563735 0.473913 0.088933 0.156522
0 0.659091 0.455072 0.111660 0.211594
0 0.598814 0.340580 0.099802 0.255072
0 0.536561 0.334783 0.080040 0.156522
0 0.469368 0.344928 0.076087 0.205797
0 0.391798 0.388406 0.071146 0.200000
0 0.330534 0.413043 0.086957 0.278261
0 0.268281 0.526087 0.057312 0.255072