0 0.758082 0.300584 0.101293 0.206226
0 0.689116 0.340467 0.088362 0.161479
0 0.609914 0.305447 0.115302 0.056420
0 0.648707 0.269455 0.134698 0.089494
0 0.549569 0.369650 0.117457 0.048638
0 0.495151 0.425097 0.114224 0.054475
0 0.565733 0.485409 0.080819 0.264591
0 0.624461 0.456226 0.075431 0.214008
0 0.496767 0.526265 0.061422 0.120623
0 0.440733 0.462062 0.091595 0.054475
0 0.426185 0.605058 0.084052 0.188716
0 0.371228 0.513619 0.092672 0.068093
0 0.341056 0.648833 0.112069 0.194553
0 0.273707 0.624514 0.132543 0.134241