0 0.762060 0.451334 0.076271 0.122449
0 0.783898 0.317896 0.057366 0.116170
0 0.741199 0.344584 0.060626 0.113030
0 0.707301 0.457614 0.064537 0.116170
0 0.686767 0.360283 0.053455 0.138148
0 0.655802 0.467033 0.059322 0.113030
0 0.635267 0.379121 0.063885 0.160126
0 0.585072 0.392465 0.053455 0.139717
0 0.600391 0.485871 0.072360 0.119309
0 0.553781 0.499215 0.053455 0.108320
0 0.529661 0.419152 0.073012 0.145997
0 0.470339 0.454474 0.045632 0.081633
0 0.493481 0.518053 0.056714 0.111460
0 0.434811 0.540031 0.051499 0.095761
0 0.426662 0.496860 0.066493 0.094192
0 0.381356 0.582418 0.064537 0.092622
0 0.382986 0.529827 0.067797 0.094192
0 0.322034 0.602826 0.065841 0.105181
0 0.266297 0.611460 0.056063 0.119309