0 0.763817 0.311355 0.063903 0.163004
0 0.706822 0.224359 0.084629 0.084249
0 0.706822 0.343407 0.060449 0.161172
0 0.655872 0.271062 0.072539 0.082418
0 0.647237 0.378205 0.051813 0.117216
0 0.599309 0.313187 0.066494 0.075092
0 0.590674 0.419414 0.052677 0.115385
0 0.541019 0.358974 0.070812 0.078755
0 0.537133 0.469780 0.054404 0.124542
0 0.488342 0.419414 0.081174 0.075092
0 0.478411 0.521978 0.052677 0.119048
0 0.431347 0.464286 0.079447 0.073260
0 0.417098 0.570513 0.054404 0.120879
0 0.372625 0.518315 0.077720 0.071429
0 0.353627 0.622711 0.065630 0.119048
0 0.313903 0.570513 0.077720 0.065934
0 0.286701 0.660256 0.066494 0.106227
0 0.238342 0.618132 0.064767 0.076923
0 0.764249 0.206960 0.052677 0.053114