0 0.780882 0.521429 0.086765 0.188095
0 0.802206 0.348810 0.094118 0.095238
0 0.727941 0.538095 0.089706 0.221429
0 0.656618 0.261905 0.150000 0.326190
0 0.669118 0.535714 0.039706 0.107143
0 0.575000 0.285714 0.175000 0.245238
0 0.591176 0.603571 0.113235 0.257143
0 0.517647 0.320238 0.148529 0.219048
0 0.519853 0.648810 0.126471 0.314286
0 0.482353 0.353571 0.113235 0.190476
0 0.466176 0.669048 0.139706 0.321429
0 0.426471 0.391667 0.110294 0.147619
0 0.401471 0.640476 0.157353 0.288095
0 0.374265 0.404762 0.082353 0.145238
0 0.374265 0.553571 0.114706 0.157143
0 0.311765 0.400000 0.116176 0.126190
0 0.266912 0.559524 0.150000 0.126190
0 0.231618 0.417857 0.202941 0.104762
0 0.216912 0.485714 0.176471 0.111905