0 0.228216 0.351852 0.070539 0.156379
0 0.267635 0.582305 0.085754 0.246914
0 0.315353 0.335391 0.078838 0.189300
0 0.334025 0.590535 0.096819 0.288066
0 0.378976 0.345679 0.125864 0.226337
0 0.410097 0.582305 0.094053 0.230453
0 0.441909 0.374486 0.171508 0.234568
0 0.482711 0.650206 0.120332 0.316872
0 0.515906 0.415638 0.117566 0.209877
0 0.557400 0.660494 0.136929 0.279835
0 0.592669 0.434156 0.118949 0.230453
0 0.630705 0.660494 0.095436 0.205761
0 0.657676 0.454733 0.118949 0.238683
0 0.698479 0.658436 0.123098 0.209877
0 0.731674 0.469136 0.112033 0.234568
0 0.766252 0.635802 0.084371 0.131687