0 0.758599 0.298214 0.058599 0.151786
0 0.749682 0.221429 0.086624 0.087500
0 0.656688 0.291071 0.147771 0.101786
0 0.689172 0.430357 0.087898 0.226786
0 0.607006 0.379464 0.142675 0.142857
0 0.614650 0.511607 0.084076 0.189286
0 0.538854 0.468750 0.131210 0.142857
0 0.475159 0.523214 0.126115 0.101786
0 0.398089 0.597321 0.101911 0.135714
0 0.315924 0.679464 0.141401 0.128571
0 0.540127 0.595536 0.070064 0.150000
0 0.492357 0.625893 0.068790 0.150000
0 0.456051 0.639286 0.077707 0.141071
0 0.385350 0.710714 0.104459 0.194643