0 0.751269 0.516624 0.068528 0.150895
0 0.774112 0.359335 0.039763 0.102302
0 0.728003 0.374680 0.086294 0.173913
0 0.695431 0.520460 0.085448 0.168798
0 0.660745 0.367008 0.080372 0.173913
0 0.638325 0.511509 0.077834 0.145780
0 0.590948 0.368286 0.099831 0.196931
0 0.566836 0.551151 0.093909 0.219949
0 0.527073 0.396419 0.092217 0.171355
0 0.495770 0.540921 0.088832 0.184143
0 0.465313 0.410486 0.080372 0.138107
0 0.423858 0.558824 0.105753 0.189258
0 0.398477 0.427110 0.071912 0.109974
0 0.366328 0.551151 0.090525 0.148338
0 0.339255 0.452685 0.093909 0.099744
0 0.298223 0.567775 0.084602 0.171355
0 0.274112 0.448849 0.068528 0.102302
0 0.243232 0.534527 0.084602 0.104859