0 0.812326 0.305838 0.061168 0.192893
0 0.824374 0.496193 0.079703 0.162437
0 0.778035 0.464467 0.072289 0.149746
0 0.746988 0.284264 0.095459 0.230964
0 0.716404 0.474619 0.075070 0.154822
0 0.693234 0.294416 0.080630 0.225888
0 0.659870 0.487310 0.071362 0.149746
0 0.631603 0.319797 0.096386 0.215736
0 0.608897 0.497462 0.071362 0.154822
0 0.572289 0.355330 0.087118 0.190355
0 0.548656 0.513959 0.076923 0.152284
0 0.506487 0.369289 0.096386 0.192893
0 0.485171 0.558376 0.083411 0.195431
0 0.439759 0.394670 0.096386 0.197970
0 0.422614 0.565990 0.078777 0.139594
0 0.386932 0.451777 0.081557 0.119289
0 0.358665 0.579949 0.082484 0.137056
0 0.305839 0.473350 0.104727 0.147208
0 0.283133 0.612944 0.088971 0.147208
0 0.237257 0.534264 0.078777 0.137056