0 0.753731 0.466667 0.077825 0.175000
0 0.751066 0.283333 0.085288 0.147222
0 0.695096 0.286111 0.084222 0.163889
0 0.688699 0.465278 0.065032 0.155556
0 0.627399 0.306944 0.110874 0.183333
0 0.625267 0.461111 0.066098 0.141667
0 0.570362 0.318056 0.084222 0.188889
0 0.559168 0.448611 0.059701 0.105556
0 0.504264 0.338889 0.077825 0.191667
0 0.492004 0.437500 0.055437 0.094444
0 0.435501 0.368056 0.066098 0.194444
0 0.417910 0.436111 0.052239 0.080556
0 0.364072 0.381944 0.076759 0.183333
0 0.343284 0.434722 0.047974 0.077778
0 0.268657 0.376389 0.088486 0.133333