0 0.727500 0.331719 0.100833 0.215496
0 0.785000 0.328087 0.060833 0.145278
0 0.766250 0.519370 0.086667 0.179177
0 0.699167 0.536320 0.092500 0.203390
0 0.671250 0.343826 0.086667 0.225182
0 0.637083 0.530266 0.080000 0.157385
0 0.604167 0.359564 0.094167 0.193705
0 0.573333 0.547215 0.089167 0.186441
0 0.534167 0.382567 0.094167 0.200969
0 0.495000 0.571429 0.112500 0.210654
0 0.458750 0.397094 0.093333 0.181598
0 0.427500 0.583535 0.110833 0.186441
0 0.391250 0.407990 0.086667 0.188862
0 0.353750 0.587167 0.100000 0.193705
0 0.314375 0.403148 0.105417 0.213075
0 0.283750 0.598063 0.106667 0.171913
0 0.257917 0.446731 0.091667 0.154964
0 0.213333 0.573850 0.094167 0.157385