0 0.780125 0.566441 0.082160 0.153153
0 0.823552 0.358108 0.046948 0.110360
0 0.767214 0.338964 0.079812 0.135135
0 0.732786 0.543919 0.095462 0.207207
0 0.706573 0.333333 0.093114 0.173423
0 0.682316 0.528153 0.089984 0.171171
0 0.647105 0.335586 0.104069 0.186937
0 0.619718 0.527027 0.104069 0.164414
0 0.584507 0.376126 0.104069 0.168919
0 0.581768 0.539414 0.073552 0.130631
0 0.531690 0.413288 0.101721 0.166667
0 0.514476 0.570946 0.081377 0.130631
0 0.481221 0.474099 0.079030 0.094595
0 0.458138 0.588964 0.081377 0.126126
0 0.437793 0.501126 0.068858 0.085586
0 0.413537 0.603604 0.056338 0.092342
0 0.368545 0.503378 0.097809 0.130631
0 0.360329 0.621622 0.053208 0.101351
0 0.309468 0.515766 0.098592 0.137387
0 0.302034 0.634009 0.061815 0.099099
0 0.256651 0.548423 0.089984 0.112613
0 0.250000 0.640766 0.070423 0.076577
0 0.203052 0.614865 0.084507 0.128378