0 0.806000 0.532957 0.073600 0.099812
0 0.796800 0.402072 0.085600 0.169492
0 0.745600 0.503766 0.071200 0.109228
0 0.712000 0.379473 0.092000 0.184557
0 0.686000 0.488701 0.064000 0.109228
0 0.637600 0.376648 0.108000 0.182674
0 0.618000 0.483992 0.065600 0.096045
0 0.586400 0.380414 0.085600 0.171375
0 0.557600 0.461394 0.063200 0.088512
0 0.498400 0.375706 0.098400 0.101695
0 0.491200 0.453861 0.080800 0.107345
0 0.434400 0.370998 0.077600 0.107345
0 0.431200 0.454802 0.066400 0.048964
0 0.379600 0.394539 0.062400 0.101695