0 0.814010 0.487374 0.057166 0.148990
0 0.839372 0.377525 0.049919 0.095960
0 0.780998 0.311869 0.084541 0.191919
0 0.762077 0.492424 0.056361 0.154040
0 0.729066 0.330808 0.067633 0.174242
0 0.699678 0.493687 0.058776 0.136364
0 0.680757 0.351010 0.051530 0.154040
0 0.647746 0.496212 0.054750 0.136364
0 0.615539 0.380051 0.057971 0.156566
0 0.588567 0.500000 0.047504 0.123737
0 0.553945 0.405303 0.049114 0.126263
0 0.524557 0.512626 0.049919 0.118687
0 0.479066 0.438131 0.087762 0.141414
0 0.458132 0.529040 0.047504 0.116162
0 0.415056 0.448232 0.069243 0.136364
0 0.395733 0.540404 0.057971 0.113636
0 0.353462 0.458333 0.074879 0.116162
0 0.324879 0.542929 0.064412 0.098485
0 0.283011 0.487374 0.080515 0.103535
0 0.243156 0.560606 0.070048 0.138889