0 0.328236 0.501305 0.125382 0.195822
0 0.406218 0.460836 0.116208 0.250653
0 0.494903 0.526110 0.089704 0.187990
0 0.453619 0.362924 0.062181 0.122715
0 0.542813 0.441253 0.114169 0.237598
0 0.637615 0.597911 0.108053 0.148825
0 0.481142 0.689295 0.145770 0.138381
0 0.428135 0.640992 0.111111 0.099217
0 0.329766 0.618799 0.136595 0.148825
0 0.593782 0.714099 0.179409 0.135770
0 0.752803 0.577023 0.120285 0.138381
0 0.615189 0.450392 0.126402 0.203655
0 0.286952 0.331593 0.112130 0.143603
0 0.253313 0.552219 0.093782 0.093995
0 0.241081 0.428198 0.095821 0.159269