0 0.750625 0.260714 0.085000 0.103571
0 0.743125 0.401786 0.105000 0.164286
0 0.695625 0.260714 0.067500 0.132143
0 0.673750 0.403571 0.073750 0.182143
0 0.630625 0.258929 0.095000 0.164286
0 0.611250 0.446429 0.078750 0.217857
0 0.558125 0.300000 0.100000 0.167857
0 0.532500 0.489286 0.083750 0.196429
0 0.486250 0.351786 0.106250 0.157143
0 0.445625 0.523214 0.085000 0.164286
0 0.391250 0.423214 0.116250 0.114286
0 0.346875 0.562500 0.095000 0.150000
0 0.285000 0.471429 0.091250 0.110714
0 0.248125 0.658929 0.115000 0.242857