0 0.784651 0.357500 0.050233 0.132500
0 0.753953 0.253750 0.078140 0.130000
0 0.712093 0.432500 0.091163 0.212500
0 0.670233 0.291250 0.115349 0.155000
0 0.644186 0.462500 0.085581 0.192500
0 0.602326 0.342500 0.100465 0.147500
0 0.563256 0.507500 0.091163 0.177500
0 0.518605 0.397500 0.093023 0.127500
0 0.477209 0.570000 0.106977 0.237500
0 0.449302 0.425000 0.082791 0.107500
0 0.421395 0.570000 0.077209 0.147500
0 0.373488 0.462500 0.089302 0.127500
0 0.343721 0.607500 0.083721 0.142500
0 0.308372 0.495000 0.087442 0.127500
0 0.269767 0.636250 0.082791 0.140000
0 0.230698 0.538750 0.090233 0.095000
0 0.190233 0.656250 0.083721 0.120000