0 0.821393 0.236324 0.061554 0.059081
0 0.802725 0.344639 0.062563 0.105033
0 0.754793 0.263676 0.071645 0.105033
0 0.749243 0.410284 0.064581 0.148796
0 0.682139 0.306346 0.122099 0.155361
0 0.688698 0.470460 0.062563 0.164114
0 0.645308 0.380744 0.072654 0.085339
0 0.630676 0.504376 0.061554 0.148796
0 0.589304 0.408096 0.077699 0.091904
0 0.577699 0.541575 0.050454 0.135667
0 0.517659 0.447484 0.077699 0.096280
0 0.498486 0.606127 0.081736 0.190372
0 0.460141 0.483589 0.075681 0.111597
0 0.442987 0.611597 0.063572 0.135667
0 0.392028 0.522976 0.078708 0.107221
0 0.369324 0.642232 0.063572 0.118162
0 0.327447 0.575492 0.070636 0.098468
0 0.296670 0.700219 0.075681 0.124726
0 0.264379 0.618162 0.061554 0.096280
0 0.217962 0.688184 0.055499 0.070022