0 0.715439 0.312689 0.132190 0.241692
0 0.695257 0.545317 0.116044 0.199396
0 0.653380 0.359517 0.104945 0.202417
0 0.614026 0.557402 0.104945 0.211480
0 0.578708 0.388218 0.106963 0.187311
0 0.522704 0.560423 0.112008 0.193353
0 0.489405 0.391239 0.095863 0.169184
0 0.443491 0.530211 0.094854 0.145015
0 0.407669 0.379154 0.075681 0.151057
0 0.358729 0.524169 0.110999 0.181269
0 0.338042 0.367069 0.073663 0.157100
0 0.300706 0.493958 0.077699 0.126888
0 0.265893 0.350453 0.074672 0.148036
0 0.223512 0.492447 0.080727 0.099698
0 0.195762 0.365559 0.099899 0.160121
0 0.810293 0.392749 0.061554 0.081571
0 0.765388 0.525680 0.086781 0.160121