0 0.150593 0.635338 0.068249 0.244361
0 0.212908 0.780075 0.163205 0.172932
0 0.231454 0.490602 0.173591 0.406015
0 0.282641 0.733083 0.115727 0.139098
0 0.296736 0.486842 0.146884 0.330827
0 0.348665 0.661654 0.129080 0.154135
0 0.373887 0.449248 0.135015 0.263158
0 0.429525 0.601504 0.118694 0.154135
0 0.470326 0.422932 0.108309 0.195489
0 0.523739 0.560150 0.155786 0.154135
0 0.563798 0.402256 0.114243 0.199248
0 0.610534 0.500000 0.115727 0.139098
0 0.679525 0.385338 0.102374 0.150376
0 0.711424 0.511278 0.130564 0.101504
0 0.759644 0.383459 0.126113 0.161654