0 0.829886 0.516975 0.074457 0.080247
0 0.871251 0.442901 0.045502 0.160494
0 0.796794 0.361111 0.107549 0.231481
0 0.760083 0.462963 0.098242 0.194444
0 0.718718 0.328704 0.114788 0.203704
0 0.673216 0.473765 0.106515 0.154321
0 0.643226 0.356481 0.112720 0.209877
0 0.598242 0.486111 0.093071 0.160494
0 0.557911 0.350309 0.095140 0.191358
0 0.506205 0.507716 0.101344 0.154321
0 0.474147 0.376543 0.097208 0.182099
0 0.420372 0.532407 0.099276 0.148148
0 0.388831 0.413580 0.094105 0.175926
0 0.331954 0.554012 0.100310 0.154321
0 0.294209 0.425926 0.078594 0.138889
0 0.246639 0.564815 0.107549 0.138889
0 0.204757 0.436728 0.089969 0.111111
0 0.184592 0.540123 0.107549 0.163580