0 0.736481 0.470149 0.060944 0.131841
0 0.709013 0.317164 0.062661 0.149254
0 0.672103 0.481343 0.067811 0.144279
0 0.639914 0.360697 0.077253 0.171642
0 0.604721 0.516169 0.063519 0.169154
0 0.565236 0.386816 0.070386 0.154229
0 0.532189 0.543532 0.074678 0.179104
0 0.490987 0.402985 0.069528 0.131841
0 0.461373 0.544776 0.072103 0.156716
0 0.412876 0.439055 0.074678 0.129353
0 0.379399 0.575871 0.076395 0.139303
0 0.345923 0.495025 0.078112 0.146766
0 0.312017 0.603234 0.068670 0.124378
0 0.279828 0.508706 0.088412 0.159204