0 0.785566 0.513333 0.077348 0.201905
0 0.755180 0.314286 0.096685 0.230476
0 0.727901 0.517143 0.076657 0.198095
0 0.693715 0.333333 0.073204 0.169524
0 0.663674 0.526667 0.084945 0.182857
0 0.625691 0.349524 0.083564 0.179048
0 0.599448 0.520952 0.078039 0.179048
0 0.559738 0.354286 0.081492 0.165714
0 0.524517 0.515238 0.089779 0.209524
0 0.494130 0.353333 0.073204 0.156190
0 0.456492 0.532381 0.093232 0.201905
0 0.422307 0.371429 0.082873 0.131429
0 0.395373 0.500000 0.074586 0.137143
0 0.357390 0.375238 0.073204 0.108571
0 0.327348 0.494286 0.073895 0.125714
0 0.285566 0.400000 0.077348 0.112381
0 0.264503 0.494286 0.050414 0.099048
0 0.203039 0.440000 0.084945 0.104762