0 0.711207 0.306122 0.185824 0.288265
0 0.682950 0.571429 0.075670 0.201531
0 0.656130 0.411990 0.083333 0.158163
0 0.625958 0.586735 0.059387 0.165816
0 0.576149 0.441327 0.128352 0.170918
0 0.547414 0.598214 0.068966 0.158163
0 0.477490 0.576531 0.086207 0.165816
0 0.486111 0.373724 0.055556 0.204082
0 0.405172 0.575255 0.083333 0.132653
0 0.443008 0.423469 0.130268 0.165816
0 0.368774 0.438776 0.071839 0.135204
0 0.314655 0.465561 0.053640 0.127551
0 0.294540 0.318878 0.080460 0.089286
0 0.348659 0.272959 0.066092 0.094388
0 0.421456 0.247449 0.087165 0.104592
0 0.500479 0.267857 0.116858 0.114796