0 0.210914 0.618750 0.075221 0.266667
0 0.237463 0.345833 0.104720 0.245833
0 0.295723 0.354167 0.129794 0.245833
0 0.273599 0.608333 0.100295 0.262500
0 0.331121 0.608333 0.112094 0.279167
0 0.369469 0.370833 0.103245 0.212500
0 0.402655 0.589583 0.107670 0.258333
0 0.440265 0.356250 0.120944 0.275000
0 0.485251 0.604167 0.140118 0.254167
0 0.530973 0.412500 0.116519 0.187500
0 0.564159 0.625000 0.103245 0.229167
0 0.632743 0.641667 0.101770 0.179167
0 0.589233 0.429167 0.109145 0.204167
0 0.686578 0.470833 0.120944 0.179167
0 0.705752 0.583333 0.115044 0.187500