0 0.797771 0.444126 0.084926 0.157593
0 0.794055 0.315186 0.060510 0.106017
0 0.731423 0.269341 0.170913 0.214900
0 0.722399 0.477077 0.093418 0.189112
0 0.658174 0.290831 0.143312 0.217765
0 0.651805 0.504298 0.090234 0.203438
0 0.599788 0.320917 0.128450 0.214900
0 0.577495 0.495702 0.098726 0.163324
0 0.526008 0.340974 0.110403 0.209169
0 0.493100 0.511461 0.091295 0.148997
0 0.457006 0.371060 0.093418 0.189112
0 0.415074 0.530086 0.088110 0.134670
0 0.373142 0.388252 0.110403 0.171920
0 0.342357 0.535817 0.080679 0.111748
0 0.299894 0.402579 0.097665 0.154728
0 0.245754 0.521490 0.097665 0.140401