0 0.755319 0.514360 0.077706 0.216710
0 0.820537 0.464752 0.067530 0.107050
0 0.778446 0.372063 0.048104 0.078329
0 0.728030 0.336815 0.132285 0.164491
0 0.693802 0.509138 0.078631 0.216710
0 0.648011 0.327676 0.081406 0.146214
0 0.632747 0.503916 0.071230 0.201044
0 0.582794 0.355091 0.086031 0.133159
0 0.566142 0.494778 0.069380 0.182768
0 0.525902 0.348564 0.088807 0.140992
0 0.499537 0.498695 0.069380 0.174935
0 0.463922 0.347258 0.077706 0.174935
0 0.432932 0.516971 0.071230 0.180157
0 0.391304 0.348564 0.084181 0.182768
0 0.364940 0.518277 0.074006 0.182768
0 0.317761 0.372063 0.092507 0.177546
0 0.294172 0.536554 0.076781 0.167102
0 0.250231 0.399478 0.101758 0.216710
0 0.210916 0.558747 0.091582 0.159269
0 0.196115 0.455614 0.098982 0.114883