0 0.788867 0.473389 0.068205 0.126050
0 0.746239 0.295518 0.109328 0.201681
0 0.721665 0.470588 0.082247 0.137255
0 0.684052 0.313725 0.101304 0.193277
0 0.641926 0.516807 0.087262 0.218487
0 0.606319 0.361345 0.100301 0.215686
0 0.564193 0.539216 0.086259 0.212885
0 0.535607 0.383754 0.125376 0.193277
0 0.497994 0.533613 0.080241 0.151261
0 0.456369 0.396359 0.093280 0.168067
0 0.406219 0.568627 0.117352 0.176471
0 0.372116 0.414566 0.101304 0.193277
0 0.328987 0.564426 0.089268 0.117647
0 0.295386 0.427171 0.096289 0.201681
0 0.258776 0.543417 0.075226 0.142857
0 0.200602 0.453782 0.107322 0.109244