0 0.764995 0.374172 0.089422 0.235099
0 0.764995 0.231788 0.058888 0.102649
0 0.695747 0.288079 0.131952 0.155629
0 0.694111 0.447020 0.080698 0.188742
0 0.647219 0.336093 0.102508 0.238411
0 0.618321 0.546358 0.068702 0.175497
0 0.552345 0.408940 0.126499 0.205298
0 0.513086 0.597682 0.098146 0.172185
0 0.461832 0.448675 0.102508 0.218543
0 0.410033 0.600993 0.081788 0.105960
0 0.366957 0.458609 0.100327 0.185430
0 0.301527 0.596026 0.078517 0.102649
0 0.273173 0.453642 0.119956 0.129139
0 0.158124 0.483444 0.112323 0.109272
0 0.203926 0.586093 0.088332 0.102649