0 0.210997 0.644013 0.092072 0.132686
0 0.227621 0.475728 0.043478 0.139159
0 0.282609 0.671521 0.117647 0.207120
0 0.305627 0.391586 0.097187 0.268608
0 0.346547 0.677994 0.117647 0.239482
0 0.391304 0.352751 0.079284 0.288026
0 0.398977 0.653722 0.099744 0.236246
0 0.476982 0.679612 0.132992 0.313916
0 0.501279 0.380259 0.176471 0.220065
0 0.523018 0.655340 0.163683 0.330097
0 0.571611 0.618123 0.132992 0.255663
0 0.502558 0.420712 0.081841 0.126214
0 0.636829 0.360841 0.181586 0.233010
0 0.649616 0.614887 0.161125 0.249191
0 0.666240 0.373786 0.163683 0.265372