0 0.751864 0.334158 0.112676 0.126238
0 0.715410 0.577970 0.114333 0.257426
0 0.679370 0.403465 0.101906 0.195545
0 0.631317 0.606436 0.126761 0.220297
0 0.593621 0.443069 0.115990 0.195545
0 0.554267 0.639851 0.120133 0.198020
0 0.512428 0.467822 0.107705 0.200495
0 0.463960 0.642327 0.093621 0.148515
0 0.432891 0.480198 0.101077 0.200495
0 0.384838 0.648515 0.099420 0.150990
0 0.353770 0.475248 0.105220 0.205446
0 0.309445 0.643564 0.109362 0.200495
0 0.276719 0.487624 0.091964 0.146040
0 0.239022 0.625000 0.096106 0.138614
0 0.184341 0.549505 0.081193 0.111386