0 0.790306 0.211538 0.100000 0.182692
0 0.790306 0.504808 0.100000 0.525641
0 0.706633 0.387821 0.151020 0.182692
0 0.656633 0.657051 0.146939 0.381410
0 0.591327 0.437500 0.126531 0.237179
0 0.540816 0.625000 0.135714 0.201923
0 0.501531 0.459936 0.112245 0.160256
0 0.440306 0.610577 0.159184 0.205128
0 0.411224 0.450321 0.127551 0.192308
0 0.366837 0.570513 0.126531 0.163462
0 0.333163 0.413462 0.124490 0.189103
0 0.289286 0.525641 0.122449 0.150641
0 0.255612 0.427885 0.095918 0.115385
0 0.214286 0.517628 0.096939 0.134615