0 0.841056 0.332746 0.064655 0.084507
0 0.764547 0.528169 0.079741 0.165493
0 0.735453 0.294014 0.144397 0.232394
0 0.687500 0.565141 0.132543 0.274648
0 0.642780 0.285211 0.153017 0.285211
0 0.606142 0.575704 0.125000 0.281690
0 0.567349 0.288732 0.157328 0.299296
0 0.552263 0.554577 0.112069 0.274648
0 0.502694 0.304577 0.135776 0.246479
0 0.477909 0.528169 0.118534 0.250000
0 0.431034 0.313380 0.132543 0.235915
0 0.411638 0.521127 0.093750 0.200704
0 0.358836 0.327465 0.113147 0.200704
0 0.338362 0.507042 0.087284 0.179577
0 0.301185 0.353873 0.079741 0.126761
0 0.269935 0.496479 0.077586 0.165493
0 0.226832 0.378521 0.101293 0.147887
0 0.170259 0.515845 0.104526 0.190141