0 0.196918 0.625000 0.086758 0.166667
0 0.228881 0.463768 0.063927 0.126812
0 0.291096 0.672101 0.128995 0.297101
0 0.317352 0.387681 0.172374 0.278986
0 0.350457 0.650362 0.113014 0.260870
0 0.374429 0.436594 0.090183 0.188406
0 0.420091 0.628623 0.094749 0.231884
0 0.441210 0.403986 0.093607 0.202899
0 0.477740 0.605072 0.102740 0.192029
0 0.515411 0.431159 0.086758 0.163043
0 0.561073 0.588768 0.107306 0.224638
0 0.596461 0.378623 0.105023 0.188406
0 0.638128 0.557971 0.103881 0.192029
0 0.670091 0.344203 0.090183 0.228261
0 0.706050 0.530797 0.077626 0.123188
0 0.730023 0.367754 0.089041 0.188406
0 0.776256 0.469203 0.065068 0.159420