0 0.818581 0.427966 0.079737 0.184322
0 0.781273 0.281780 0.087052 0.150424
0 0.838332 0.294492 0.040234 0.074153
0 0.749817 0.458686 0.076811 0.203390
0 0.709217 0.329449 0.083394 0.152542
0 0.672275 0.502119 0.070958 0.167373
0 0.619239 0.386653 0.090710 0.135593
0 0.587052 0.547669 0.087783 0.194915
0 0.546086 0.429025 0.080468 0.127119
0 0.513899 0.575212 0.084857 0.169492
0 0.477688 0.466102 0.076811 0.133475
0 0.445501 0.602754 0.070958 0.139831
0 0.405633 0.522246 0.080468 0.097458
0 0.348208 0.637712 0.082663 0.116525
0 0.311631 0.558263 0.072421 0.097458
0 0.272860 0.654661 0.128018 0.120763