0 0.779070 0.505495 0.043828 0.101648
0 0.765206 0.376374 0.055456 0.145604
0 0.733900 0.524725 0.069767 0.129121
0 0.707961 0.385989 0.076923 0.197802
0 0.658318 0.563187 0.102862 0.211538
0 0.642665 0.380495 0.067979 0.186813
0 0.612254 0.550824 0.062612 0.164835
0 0.576029 0.385989 0.063506 0.192308
0 0.551431 0.539835 0.055456 0.148352
0 0.508945 0.369505 0.077818 0.219780
0 0.469589 0.564560 0.099284 0.225275
0 0.450358 0.370879 0.078712 0.228022
0 0.399374 0.568681 0.103757 0.217033
0 0.378801 0.375000 0.096601 0.225275
0 0.338998 0.564560 0.093918 0.186813
0 0.310823 0.394231 0.087657 0.181319
0 0.281306 0.542582 0.075134 0.159341
0 0.245975 0.428571 0.077818 0.112637
0 0.194544 0.523352 0.101968 0.186813