0 0.794542 0.464115 0.043254 0.112440
0 0.817714 0.596890 0.060762 0.110048
0 0.766220 0.595694 0.077240 0.117225
0 0.738929 0.405502 0.096807 0.234450
0 0.689495 0.594498 0.121524 0.177033
0 0.675077 0.383971 0.082389 0.196172
0 0.630278 0.570574 0.116375 0.167464
0 0.609681 0.369617 0.101957 0.215311
0 0.565396 0.551435 0.106076 0.162679
0 0.549434 0.360048 0.105046 0.200957
0 0.509784 0.534689 0.110196 0.167464
0 0.483007 0.355263 0.104016 0.191388
0 0.443357 0.517943 0.102987 0.153110
0 0.412461 0.383971 0.082389 0.114833
0 0.367662 0.505981 0.101957 0.138756
0 0.340371 0.392344 0.084449 0.141148
0 0.288877 0.511962 0.115345 0.141148
0 0.231205 0.461722 0.140062 0.155502