0 0.239232 0.454942 0.095506 0.209302
0 0.287921 0.610465 0.088015 0.136628
0 0.317416 0.395349 0.147004 0.264535
0 0.404963 0.385174 0.127341 0.209302
0 0.380150 0.616279 0.139513 0.247093
0 0.479869 0.607558 0.134831 0.287791
0 0.510768 0.364826 0.159176 0.220930
0 0.560393 0.558140 0.112360 0.188953
0 0.585674 0.379360 0.134831 0.215116
0 0.640918 0.533430 0.088015 0.174419
0 0.693820 0.370640 0.120787 0.174419
0 0.772940 0.398256 0.101124 0.154070
0 0.734551 0.547965 0.114232 0.145349
0 0.820693 0.524709 0.101124 0.133721