0 0.801874 0.270270 0.062918 0.155925
0 0.726238 0.207900 0.104418 0.068607
0 0.757697 0.313929 0.070950 0.164241
0 0.643240 0.249480 0.149933 0.076923
0 0.684739 0.402287 0.056225 0.195426
0 0.592369 0.308732 0.139224 0.087318
0 0.617805 0.442827 0.066934 0.155925
0 0.526104 0.371102 0.135207 0.087318
0 0.559572 0.513514 0.062918 0.185031
0 0.464525 0.432432 0.140562 0.085239
0 0.493307 0.590437 0.072289 0.222453
0 0.398929 0.488565 0.167336 0.089397
0 0.437082 0.603950 0.042838 0.112266
0 0.347390 0.563410 0.125837 0.081081
0 0.372155 0.655925 0.060241 0.120582
0 0.305221 0.630977 0.100402 0.091476
0 0.309237 0.713098 0.078983 0.114345