0 0.687564 0.398420 0.079511 0.189616
0 0.698777 0.269752 0.083588 0.090293
0 0.628440 0.281038 0.083588 0.085779
0 0.573904 0.314898 0.092762 0.085779
0 0.528542 0.325056 0.069317 0.088036
0 0.633028 0.407449 0.047910 0.135440
0 0.572375 0.427765 0.055046 0.144470
0 0.506116 0.444695 0.055046 0.106095
0 0.460754 0.388262 0.068298 0.074492
0 0.448012 0.470655 0.057085 0.117381
0 0.394495 0.414221 0.078491 0.054176
0 0.390928 0.502257 0.053007 0.076749
0 0.347095 0.476298 0.065240 0.079007
0 0.267074 0.540632 0.090724 0.067720
0 0.331295 0.603837 0.070336 0.121896
0 0.317533 0.494357 0.095821 0.101580