0 0.207653 0.488215 0.067347 0.144781
0 0.207653 0.676768 0.077551 0.117845
0 0.265816 0.427609 0.087755 0.218855
0 0.273980 0.675084 0.132653 0.242424
0 0.318367 0.631313 0.109184 0.242424
0 0.330102 0.397306 0.073469 0.178451
0 0.388265 0.382155 0.079592 0.208754
0 0.398980 0.632997 0.150000 0.272727
0 0.419898 0.602694 0.104082 0.245791
0 0.443878 0.385522 0.094898 0.195286
0 0.488776 0.606061 0.109184 0.252525
0 0.515816 0.398990 0.085714 0.168350
0 0.568367 0.585859 0.109184 0.212121
0 0.596429 0.405724 0.102041 0.168350
0 0.653061 0.595960 0.139796 0.205387
0 0.653571 0.410774 0.110204 0.178451
0 0.718878 0.439394 0.087755 0.148148
0 0.688776 0.587542 0.115306 0.195286
0 0.755102 0.597643 0.096939 0.175084
0 0.798469 0.478114 0.112245 0.090909