0 0.167282 0.372222 0.062731 0.103704
0 0.220172 0.355556 0.084871 0.159259
0 0.228167 0.561111 0.078721 0.229630
0 0.272448 0.377778 0.093481 0.144444
0 0.314883 0.612963 0.114391 0.311111
0 0.353629 0.362963 0.125461 0.211111
0 0.383149 0.611111 0.115621 0.277778
0 0.429889 0.372222 0.100861 0.214815
0 0.453875 0.611111 0.124231 0.285185
0 0.488930 0.385185 0.095941 0.225926
0 0.521525 0.622222 0.111931 0.262963
0 0.547970 0.396296 0.115621 0.203704
0 0.609471 0.651852 0.135301 0.307407
0 0.630996 0.414815 0.126691 0.211111
0 0.670357 0.622222 0.097171 0.233333
0 0.715252 0.451852 0.118081 0.174074
0 0.744772 0.624074 0.088561 0.281481
0 0.794588 0.503704 0.114391 0.240741
0 0.840713 0.614815 0.118081 0.188889