0 0.800000 0.425000 0.057014 0.135294
0 0.748869 0.319118 0.083258 0.123529
0 0.728959 0.463235 0.086878 0.188235
0 0.689593 0.326471 0.087783 0.144118
0 0.663348 0.477941 0.080543 0.188235
0 0.615385 0.357353 0.096833 0.170588
0 0.595023 0.498529 0.072398 0.170588
0 0.547059 0.382353 0.092308 0.185294
0 0.516742 0.517647 0.078733 0.150000
0 0.473756 0.411765 0.095928 0.191176
0 0.451131 0.514706 0.070588 0.132353
0 0.404977 0.402941 0.081448 0.167647
0 0.380543 0.500000 0.063348 0.114706
0 0.334842 0.394118 0.080543 0.150000
0 0.301357 0.495588 0.067873 0.117647
0 0.277828 0.400000 0.116742 0.155882
0 0.228959 0.476471 0.073303 0.102941
0 0.180090 0.414706 0.102262 0.150000