0 0.111244 0.443686 0.044258 0.406143
0 0.172249 0.539249 0.087321 0.269625
0 0.278110 0.670648 0.124402 0.395904
0 0.191986 0.348123 0.076555 0.085324
0 0.244019 0.395904 0.099282 0.112628
0 0.321770 0.419795 0.099282 0.160410
0 0.362440 0.677474 0.118421 0.341297
0 0.404904 0.404437 0.114833 0.232082
0 0.438995 0.650171 0.096890 0.273038
0 0.473086 0.411263 0.112440 0.232082
0 0.505981 0.616041 0.092105 0.191126
0 0.560407 0.407850 0.124402 0.245734
0 0.590311 0.612628 0.081340 0.163823
0 0.627990 0.406143 0.104067 0.221843
0 0.671053 0.604096 0.084928 0.146758
0 0.693182 0.401024 0.110048 0.232082
0 0.734450 0.542662 0.116029 0.139932
0 0.769139 0.385666 0.080144 0.180887
0 0.816388 0.511945 0.069378 0.071672
0 0.835526 0.406143 0.081340 0.105802