0 0.231502 0.450704 0.062780 0.137324
0 0.196188 0.304577 0.054933 0.098592
0 0.262332 0.279930 0.086323 0.161972
0 0.292040 0.475352 0.078475 0.200704
0 0.318946 0.308099 0.080717 0.154930
0 0.355381 0.500000 0.084081 0.207746
0 0.383969 0.330986 0.089686 0.158451
0 0.417601 0.524648 0.087444 0.207746
0 0.447870 0.389085 0.098655 0.140845
0 0.485426 0.565141 0.093049 0.197183
0 0.525785 0.443662 0.095291 0.123239
0 0.554933 0.605634 0.086323 0.186620
0 0.602018 0.494718 0.097534 0.119718
0 0.630045 0.649648 0.086323 0.176056
0 0.667601 0.551056 0.091928 0.119718
0 0.709641 0.693662 0.088565 0.151408
0 0.741031 0.593310 0.079596 0.112676
0 0.777466 0.705986 0.091928 0.112676
0 0.827915 0.654930 0.082960 0.095070