0 0.198310 0.501623 0.097416 0.194805
0 0.255964 0.396104 0.079523 0.126623
0 0.290258 0.493506 0.068588 0.146104
0 0.321074 0.365260 0.076541 0.116883
0 0.351392 0.503247 0.085487 0.165584
0 0.386680 0.352273 0.078529 0.155844
0 0.424453 0.504870 0.074553 0.155844
0 0.439861 0.326299 0.119284 0.220779
0 0.495030 0.496753 0.076541 0.159091
0 0.507455 0.324675 0.133201 0.217532
0 0.566103 0.310065 0.125249 0.246753
0 0.640159 0.303571 0.116302 0.240260
0 0.712724 0.308442 0.160040 0.230519
0 0.670477 0.560065 0.119284 0.259740
0 0.614314 0.558442 0.082505 0.230519
0 0.556163 0.542208 0.093439 0.237013
0 0.745030 0.519481 0.073559 0.152597
0 0.797217 0.491883 0.084493 0.116883
0 0.803678 0.347403 0.103380 0.107143