0 0.695096 0.437662 0.056503 0.145455
0 0.726013 0.305195 0.067164 0.067532
0 0.744670 0.400000 0.042644 0.085714
0 0.657249 0.331169 0.085288 0.103896
0 0.641258 0.487013 0.061834 0.187013
0 0.601812 0.370130 0.068230 0.098701
0 0.598081 0.503896 0.054371 0.168831
0 0.553305 0.407792 0.065032 0.106494
0 0.532516 0.557143 0.068230 0.181818
0 0.486674 0.442857 0.089552 0.098701
0 0.472814 0.576623 0.063966 0.158442
0 0.418443 0.496104 0.100213 0.111688
0 0.391791 0.603896 0.070362 0.109091
0 0.350213 0.551948 0.072495 0.077922
0 0.321962 0.645455 0.054371 0.088312
0 0.280917 0.592208 0.076759 0.070130
0 0.265458 0.668831 0.069296 0.088312
0 0.232942 0.670130 0.078891 0.090909