0 0.208580 0.704167 0.161243 0.179167
0 0.214497 0.493750 0.060651 0.133333
0 0.306213 0.662500 0.137574 0.220833
0 0.330621 0.391667 0.147929 0.270833
0 0.395710 0.658333 0.147929 0.279167
0 0.420118 0.410417 0.110947 0.208333
0 0.475592 0.631250 0.118343 0.241667
0 0.502959 0.425000 0.119822 0.179167
0 0.564349 0.637500 0.177515 0.262500
0 0.610207 0.377083 0.147929 0.241667
0 0.629438 0.581250 0.124260 0.208333
0 0.680473 0.420833 0.131657 0.137500
0 0.719675 0.643750 0.118343 0.275000
0 0.782544 0.456250 0.146450 0.116667
0 0.806213 0.664583 0.102071 0.158333
0 0.828402 0.552083 0.084320 0.091667