0 0.281798 0.516467 0.115132 0.191617
0 0.365132 0.440120 0.093202 0.176647
0 0.439693 0.398204 0.084430 0.176647
0 0.517544 0.377246 0.073465 0.152695
0 0.577851 0.338323 0.106360 0.218563
0 0.651316 0.279940 0.110746 0.239521
0 0.691886 0.233533 0.189693 0.284431
0 0.678180 0.505988 0.111842 0.224551
0 0.622259 0.501497 0.076754 0.191617
0 0.527412 0.549401 0.115132 0.215569
0 0.574013 0.535928 0.175439 0.266467
0 0.438048 0.580838 0.151316 0.266467
0 0.381031 0.595808 0.144737 0.236527
0 0.759868 0.444611 0.086623 0.161677