0 0.781987 0.458904 0.054714 0.117417
0 0.710017 0.236791 0.183502 0.299413
0 0.724327 0.483366 0.089226 0.181996
0 0.692761 0.312133 0.093434 0.180039
0 0.638468 0.528376 0.127946 0.256360
0 0.609428 0.325832 0.113636 0.195695
0 0.577020 0.533268 0.092593 0.207436
0 0.532828 0.343444 0.111953 0.230920
0 0.502104 0.537182 0.080808 0.172211
0 0.472643 0.381605 0.074074 0.174168
0 0.431397 0.540117 0.089226 0.162427
0 0.388047 0.396282 0.110269 0.187867
0 0.355640 0.542074 0.079125 0.127202
0 0.306397 0.434442 0.096801 0.154599