0 0.813793 0.448598 0.054023 0.133956
0 0.819540 0.291277 0.056322 0.099688
0 0.750862 0.247664 0.179885 0.236760
0 0.740230 0.479751 0.104598 0.202492
0 0.681034 0.275701 0.135632 0.230530
0 0.666092 0.498442 0.096552 0.214953
0 0.613793 0.305296 0.116092 0.214953
0 0.582759 0.493769 0.106897 0.180685
0 0.528161 0.328660 0.119540 0.224299
0 0.487356 0.546729 0.111494 0.230530
0 0.437931 0.339564 0.132184 0.252336
0 0.402874 0.549844 0.110345 0.186916
0 0.362644 0.375389 0.124138 0.193146
0 0.322414 0.545171 0.094253 0.133956
0 0.284483 0.395639 0.108046 0.165109
0 0.222414 0.517134 0.126437 0.146417