0 0.760793 0.555031 0.096849 0.157233
0 0.728705 0.361635 0.095683 0.210692
0 0.683197 0.569182 0.107351 0.216981
0 0.648191 0.361635 0.093349 0.216981
0 0.621354 0.555031 0.109685 0.238994
0 0.585764 0.363208 0.096849 0.213836
0 0.535589 0.567610 0.124854 0.251572
0 0.505834 0.338050 0.121354 0.226415
0 0.457993 0.548742 0.126021 0.245283
0 0.423571 0.361635 0.122520 0.198113
0 0.375146 0.561321 0.114352 0.220126
0 0.336056 0.389937 0.103851 0.154088
0 0.287631 0.594340 0.123687 0.204403
0 0.246208 0.473270 0.127188 0.150943
0 0.219370 0.597484 0.122520 0.166667