0 0.772775 0.329508 0.101695 0.268852
0 0.832627 0.370492 0.079449 0.180328
0 0.720339 0.595082 0.123941 0.236066
0 0.695445 0.345902 0.131356 0.327869
0 0.640890 0.591803 0.115466 0.170492
0 0.577860 0.577049 0.105932 0.147541
0 0.503708 0.585246 0.110169 0.144262
0 0.608316 0.329508 0.136123 0.367213
0 0.532044 0.344262 0.155191 0.357377
0 0.451801 0.385246 0.148305 0.347541
0 0.412606 0.632787 0.120763 0.160656
0 0.369703 0.401639 0.134534 0.308197
0 0.336335 0.647541 0.108051 0.170492
0 0.290254 0.468852 0.138771 0.285246
0 0.245763 0.659016 0.094280 0.140984
0 0.180085 0.606557 0.195975 0.252459
0 0.169492 0.467213 0.143008 0.163934