0 0.831586 0.354779 0.099607 0.090074
0 0.750983 0.251838 0.208388 0.170956
0 0.731979 0.382353 0.102228 0.145221
0 0.691350 0.272059 0.091743 0.108456
0 0.654653 0.390625 0.112713 0.158088
0 0.572084 0.278493 0.183486 0.154412
0 0.564220 0.398897 0.120577 0.137868
0 0.508519 0.288603 0.127130 0.130515
0 0.472477 0.397059 0.104849 0.097426
0 0.407602 0.310662 0.127130 0.123162
0 0.376802 0.400735 0.091743 0.082721
0 0.319135 0.314338 0.083879 0.082721
0 0.254260 0.377757 0.148100 0.088235
0 0.742464 0.649816 0.102228 0.099265
0 0.588467 0.542279 0.108781 0.101103
0 0.543906 0.556985 0.077326 0.093750