0 0.793962 0.631436 0.108051 0.197832
0 0.861758 0.415989 0.080508 0.211382
0 0.793432 0.360434 0.060381 0.241192
0 0.739407 0.575881 0.123941 0.200542
0 0.735699 0.350949 0.072034 0.249322
0 0.676907 0.558266 0.123941 0.224932
0 0.663665 0.360434 0.069915 0.208672
0 0.622352 0.516260 0.074153 0.146341
0 0.591631 0.378049 0.065678 0.184282
0 0.552966 0.517615 0.062500 0.132791
0 0.507945 0.395664 0.067797 0.154472
0 0.469809 0.523035 0.063559 0.127371
0 0.419492 0.414634 0.064619 0.127371
0 0.380297 0.547425 0.068856 0.143631
0 0.305614 0.448509 0.129237 0.130081
0 0.273305 0.566396 0.094280 0.127371