0 0.179457 0.655797 0.086187 0.083333
0 0.223731 0.617754 0.094451 0.101449
0 0.206612 0.494565 0.086187 0.195652
0 0.270366 0.429348 0.083825 0.217391
0 0.317001 0.621377 0.153483 0.231884
0 0.340614 0.409420 0.082645 0.206522
0 0.386659 0.603261 0.094451 0.202899
0 0.410862 0.405797 0.090909 0.177536
0 0.463991 0.605072 0.119244 0.257246
0 0.480519 0.373188 0.093270 0.170290
0 0.534829 0.576087 0.123967 0.264493
0 0.551358 0.353261 0.093270 0.181159
0 0.605667 0.576087 0.126328 0.264493
0 0.620425 0.356884 0.082645 0.166667
0 0.664109 0.552536 0.106257 0.246377
0 0.700118 0.369565 0.090909 0.155797
0 0.757969 0.605072 0.123967 0.250000
0 0.756198 0.411232 0.077922 0.123188
0 0.808146 0.572464 0.080283 0.177536
0 0.829398 0.436594 0.092090 0.130435