0 0.781818 0.455852 0.055372 0.149897
0 0.764463 0.311088 0.144628 0.143737
0 0.721074 0.515400 0.072727 0.236140
0 0.678099 0.330595 0.097521 0.166324
0 0.653306 0.544148 0.094215 0.256674
0 0.609917 0.356263 0.114876 0.164271
0 0.582231 0.579055 0.130579 0.297741
0 0.553306 0.383984 0.104132 0.166324
0 0.539256 0.558522 0.077686 0.190965
0 0.497107 0.411704 0.105785 0.147844
0 0.483058 0.582136 0.085950 0.188912
0 0.441322 0.442505 0.091736 0.143737
0 0.422314 0.595483 0.083471 0.178645
0 0.383058 0.484600 0.071074 0.117043
0 0.355785 0.594456 0.064463 0.094456
0 0.319835 0.527721 0.076860 0.092402
0 0.297934 0.602669 0.067769 0.086242
0 0.270661 0.544148 0.069421 0.092402
0 0.182231 0.622177 0.150413 0.100616