0 0.821648 0.548611 0.068361 0.134921
0 0.801490 0.483135 0.029798 0.047619
0 0.773444 0.584325 0.131464 0.182540
0 0.780894 0.476190 0.053462 0.081349
0 0.750219 0.592262 0.100789 0.150794
0 0.729623 0.440476 0.063103 0.164683
0 0.688431 0.592262 0.084137 0.158730
0 0.677476 0.420635 0.062226 0.204365
0 0.637599 0.567460 0.078878 0.125000
0 0.621823 0.410714 0.077125 0.212302
0 0.589395 0.548611 0.073620 0.115079
0 0.566608 0.426587 0.061350 0.148810
0 0.536810 0.524802 0.064855 0.107143
0 0.508326 0.404762 0.069238 0.204365
0 0.464943 0.525794 0.092901 0.156746
0 0.459246 0.389881 0.041192 0.146825
0 0.411043 0.477183 0.076249 0.087302
0 0.374233 0.376984 0.069238 0.136905
0 0.340053 0.448413 0.076249 0.105159
0 0.265995 0.374008 0.108677 0.111111