0 0.787118 0.253056 0.040393 0.078240
0 0.842795 0.349633 0.066594 0.158924
0 0.782205 0.404645 0.102620 0.234719
0 0.728166 0.256724 0.070961 0.124694
0 0.719432 0.432763 0.084061 0.193154
0 0.674672 0.260391 0.094978 0.151589
0 0.655022 0.459658 0.088428 0.188264
0 0.608624 0.292176 0.100437 0.161369
0 0.593341 0.482885 0.085153 0.185819
0 0.547489 0.325183 0.100437 0.139364
0 0.534934 0.515892 0.077511 0.188264
0 0.486354 0.375306 0.098253 0.171149
0 0.465066 0.563570 0.077511 0.195599
0 0.419760 0.418093 0.111354 0.149144
0 0.397380 0.611247 0.099345 0.193154
0 0.372817 0.444988 0.113537 0.158924
0 0.342795 0.616137 0.127729 0.183374
0 0.317140 0.482885 0.113537 0.141809
0 0.307860 0.628362 0.092795 0.144254
0 0.265284 0.536675 0.114629 0.107579
0 0.235262 0.644254 0.089520 0.102689