0 0.186387 0.719780 0.099476 0.139194
0 0.217801 0.536630 0.076440 0.168498
0 0.268586 0.738095 0.094241 0.168498
0 0.283246 0.501832 0.100524 0.260073
0 0.334555 0.710623 0.121466 0.216117
0 0.351309 0.558608 0.127749 0.483516
0 0.390052 0.675824 0.117277 0.212454
0 0.416230 0.424908 0.119372 0.289377
0 0.452880 0.628205 0.108901 0.205128
0 0.473298 0.413919 0.109948 0.252747
0 0.517801 0.597070 0.110995 0.208791
0 0.528272 0.382784 0.108901 0.212454
0 0.606806 0.556777 0.110995 0.194139
0 0.608901 0.358974 0.117277 0.252747
0 0.669110 0.501832 0.107853 0.172161
0 0.695812 0.305861 0.104712 0.219780
0 0.739267 0.446886 0.093194 0.135531
0 0.753927 0.293040 0.107853 0.164835
0 0.786911 0.399267 0.067016 0.098901
0 0.820942 0.311355 0.070157 0.113553