0 0.812618 0.304211 0.070621 0.122105
0 0.788136 0.225263 0.070621 0.090526
0 0.758004 0.323158 0.100753 0.197895
0 0.720810 0.254737 0.090395 0.107368
0 0.687382 0.371579 0.081921 0.168421
0 0.648305 0.294737 0.080979 0.103158
0 0.608286 0.433684 0.091337 0.170526
0 0.576742 0.360000 0.084746 0.098947
0 0.530603 0.489474 0.103578 0.176842
0 0.493879 0.426316 0.088512 0.092632
0 0.458098 0.542105 0.079096 0.126316
0 0.414783 0.502105 0.082863 0.105263
0 0.351695 0.631579 0.133710 0.157895
0 0.318738 0.558947 0.086629 0.092632
0 0.250942 0.572632 0.073446 0.098947
0 0.213277 0.654737 0.103578 0.111579
0 0.277307 0.653684 0.109228 0.143158