0 0.760609 0.534202 0.079434 0.205212
0 0.786725 0.306189 0.122960 0.237785
0 0.741567 0.327362 0.060936 0.188925
0 0.701306 0.500000 0.082699 0.175896
0 0.653428 0.371336 0.108814 0.224756
0 0.597388 0.534202 0.109902 0.205212
0 0.574538 0.385993 0.092492 0.214984
0 0.506529 0.543974 0.119695 0.244300
0 0.496192 0.410423 0.068553 0.166124
0 0.417301 0.566775 0.108814 0.166124
0 0.394450 0.457655 0.108814 0.175896
0 0.336779 0.576547 0.091404 0.172638
0 0.312840 0.442997 0.076170 0.127036
0 0.249728 0.557003 0.087051 0.198697