0 0.765834 0.401596 0.057092 0.125000
0 0.735058 0.255319 0.077609 0.156915
0 0.706512 0.413564 0.063336 0.148936
0 0.668153 0.284574 0.091882 0.183511
0 0.647636 0.466755 0.056200 0.164894
0 0.620428 0.301862 0.082070 0.180851
0 0.601249 0.496011 0.066905 0.180851
0 0.572703 0.337766 0.081178 0.172872
0 0.552186 0.509309 0.061552 0.159574
0 0.513827 0.360372 0.090098 0.202128
0 0.496432 0.546543 0.066012 0.186170
0 0.470562 0.382979 0.064228 0.172872
0 0.446030 0.565160 0.066905 0.175532
0 0.413024 0.386968 0.074041 0.164894
0 0.396967 0.585106 0.079393 0.188830
0 0.359500 0.394947 0.086530 0.180851
0 0.341213 0.590426 0.082070 0.188830
0 0.299286 0.413564 0.096343 0.175532
0 0.286351 0.575798 0.081178 0.164894
0 0.251115 0.441489 0.089206 0.135638
0 0.211864 0.555851 0.103479 0.162234