0 0.756815 0.388979 0.102582 0.150729
0 0.730273 0.264992 0.108321 0.129660
0 0.704806 0.381686 0.086083 0.155592
0 0.647059 0.268233 0.126973 0.103728
0 0.639527 0.386548 0.083214 0.142626
0 0.604017 0.291734 0.078192 0.076175
0 0.571019 0.414100 0.086801 0.165316
0 0.513989 0.307131 0.114778 0.090762
0 0.492468 0.457861 0.106169 0.175041
0 0.449785 0.367909 0.108321 0.066451
0 0.437590 0.493517 0.085366 0.165316
0 0.396700 0.425446 0.075323 0.058347
0 0.375897 0.513776 0.066714 0.105348
0 0.332496 0.469206 0.080344 0.061588
0 0.312052 0.561588 0.065280 0.103728
0 0.269369 0.519449 0.081779 0.061588
0 0.250717 0.595624 0.063128 0.090762
0 0.199426 0.594003 0.081062 0.123177