0 0.300435 0.697068 0.123367 0.257329
0 0.240203 0.434853 0.127721 0.312704
0 0.323657 0.379479 0.111756 0.332248
0 0.394775 0.374593 0.108853 0.283388
0 0.463716 0.400651 0.095791 0.192182
0 0.533382 0.369707 0.110305 0.247557
0 0.609579 0.366450 0.114659 0.234528
0 0.684325 0.374593 0.107402 0.198697
0 0.746009 0.382736 0.129173 0.188925
0 0.804790 0.540717 0.101597 0.192182
0 0.730769 0.591205 0.110305 0.221498
0 0.652395 0.602606 0.104499 0.211726
0 0.580552 0.612378 0.105951 0.237785
0 0.510160 0.631922 0.101597 0.237785
0 0.443396 0.641694 0.116110 0.237785
0 0.373730 0.685668 0.113208 0.273616