0 0.205217 0.404762 0.102362 0.133929
0 0.296752 0.456845 0.106299 0.142857
0 0.391732 0.485119 0.115157 0.199405
0 0.485728 0.491071 0.100394 0.175595
0 0.586122 0.444940 0.066929 0.119048
0 0.656988 0.436012 0.082677 0.166667
0 0.724902 0.489583 0.104331 0.303571
0 0.739665 0.308036 0.118110 0.226190
0 0.678150 0.306548 0.095472 0.193452
0 0.595965 0.312500 0.141732 0.217262
0 0.520669 0.367560 0.097441 0.142857
0 0.439961 0.369048 0.089567 0.133929
0 0.352854 0.345238 0.106299 0.187500
0 0.249508 0.343750 0.116142 0.196429