0 0.753568 0.425770 0.079034 0.120448
0 0.773875 0.320728 0.066959 0.072829
0 0.706367 0.264706 0.076839 0.190476
0 0.687706 0.435574 0.085620 0.224090
0 0.641603 0.313725 0.087816 0.170868
0 0.608672 0.485994 0.085620 0.196078
0 0.564764 0.348739 0.083425 0.151261
0 0.535126 0.497199 0.092206 0.156863
0 0.484083 0.351541 0.102086 0.196078
0 0.448957 0.516807 0.097695 0.145658
0 0.397914 0.399160 0.100988 0.179272
0 0.350714 0.532213 0.096597 0.170868
0 0.296926 0.383754 0.083425 0.154062
0 0.232711 0.532213 0.110867 0.176471