0 0.739071 0.393895 0.061931 0.174419
0 0.687614 0.271802 0.099271 0.156977
0 0.663479 0.473837 0.100182 0.281977
0 0.629326 0.309593 0.075592 0.145349
0 0.602914 0.476744 0.071949 0.194767
0 0.559654 0.353198 0.080146 0.127907
0 0.533698 0.507267 0.073770 0.174419
0 0.491348 0.385174 0.074681 0.139535
0 0.459927 0.547965 0.081056 0.180233
0 0.411658 0.411337 0.091985 0.151163
0 0.385246 0.578488 0.088342 0.183140
0 0.348816 0.437500 0.090164 0.133721
0 0.301002 0.588663 0.125683 0.191860
0 0.279599 0.449128 0.086521 0.122093
0 0.225410 0.527616 0.096539 0.127907