0 0.785411 0.325062 0.138253 0.200993
0 0.819763 0.528536 0.096692 0.156328
0 0.720950 0.554591 0.141645 0.213400
0 0.668363 0.307692 0.168787 0.245658
0 0.636980 0.558313 0.129771 0.220844
0 0.588210 0.342432 0.139101 0.235732
0 0.544953 0.568238 0.132316 0.235732
0 0.504241 0.357320 0.130619 0.200993
0 0.462680 0.598015 0.117048 0.240695
0 0.428329 0.378412 0.128075 0.208437
0 0.396947 0.604218 0.109415 0.248139
0 0.367260 0.397022 0.099237 0.166253
0 0.326548 0.627792 0.128075 0.260546
0 0.301527 0.404467 0.108567 0.166253
0 0.276930 0.636476 0.111959 0.243176
0 0.244699 0.419355 0.120441 0.176179
0 0.237489 0.621588 0.112807 0.193548
0 0.222646 0.471464 0.096692 0.131514
0 0.223494 0.612903 0.084818 0.136476
0 0.173876 0.547146 0.104326 0.129032