0 0.808933 0.378628 0.125310 0.401055
0 0.764888 0.200528 0.084367 0.108179
0 0.761787 0.457784 0.110422 0.311346
0 0.691067 0.240106 0.120347 0.118734
0 0.695409 0.486807 0.101737 0.306069
0 0.635236 0.287599 0.127792 0.139842
0 0.630893 0.554090 0.126551 0.345646
0 0.557072 0.344327 0.157568 0.147757
0 0.553970 0.581794 0.121588 0.279683
0 0.487593 0.402375 0.167494 0.137203
0 0.490074 0.626649 0.102978 0.237467
0 0.431141 0.459103 0.133995 0.113456
0 0.415012 0.630607 0.133995 0.229551
0 0.363524 0.498681 0.140199 0.113456
0 0.333127 0.643799 0.138958 0.176781
0 0.259305 0.529024 0.189826 0.100264
0 0.214020 0.646438 0.173697 0.139842