0 0.720575 0.347487 0.072776 0.149047
0 0.720575 0.216638 0.087152 0.071057
0 0.666667 0.253033 0.092543 0.088388
0 0.654088 0.394281 0.096137 0.190641
0 0.610961 0.298094 0.087152 0.067591
0 0.556155 0.342288 0.083558 0.072790
0 0.603324 0.408146 0.059299 0.110919
0 0.541779 0.455806 0.056604 0.126516
0 0.498652 0.400347 0.085355 0.064125
0 0.497305 0.492201 0.080863 0.185442
0 0.447439 0.449740 0.094340 0.086655
0 0.405211 0.493934 0.078167 0.084922
0 0.346361 0.551127 0.095238 0.084922
0 0.286164 0.614385 0.111411 0.090121
0 0.260557 0.697574 0.078167 0.083189
0 0.339173 0.656846 0.070081 0.133449
0 0.400719 0.611785 0.040431 0.116118
0 0.448787 0.563258 0.061096 0.150780