0 0.733791 0.247698 0.087282 0.077348
0 0.713217 0.364641 0.066085 0.186004
0 0.650873 0.274401 0.093516 0.086556
0 0.652743 0.409761 0.057357 0.151013
0 0.584788 0.348066 0.093516 0.075506
0 0.593516 0.463168 0.061097 0.136280
0 0.518080 0.415285 0.102244 0.081031
0 0.522444 0.523941 0.058603 0.132597
0 0.455736 0.480663 0.082294 0.082873
0 0.447007 0.593923 0.054863 0.121547
0 0.387781 0.548803 0.076060 0.075506
0 0.390898 0.613260 0.057357 0.189687
0 0.341646 0.614180 0.066085 0.084715
0 0.329800 0.700737 0.052369 0.099448
0 0.266833 0.709024 0.103491 0.138122