0 0.806095 0.456710 0.143110 0.313853
0 0.799470 0.301948 0.159894 0.242424
0 0.741166 0.293290 0.096290 0.138528
0 0.726590 0.511905 0.084806 0.212121
0 0.696996 0.335498 0.090989 0.140693
0 0.674912 0.521645 0.082155 0.192641
0 0.643110 0.395022 0.076855 0.095238
0 0.615724 0.530303 0.075088 0.149351
0 0.602032 0.429654 0.045936 0.064935
0 0.558746 0.546537 0.067138 0.151515
0 0.504859 0.554113 0.074205 0.149351
0 0.449647 0.541126 0.066254 0.132035
0 0.392668 0.541126 0.058304 0.119048
0 0.337898 0.555195 0.058304 0.090909
0 0.283569 0.571429 0.059187 0.093074
0 0.292845 0.482684 0.077739 0.114719
0 0.359982 0.462121 0.053004 0.069264