0 0.765899 0.473438 0.083333 0.137500
0 0.791667 0.317188 0.075658 0.218750
0 0.719298 0.315625 0.084430 0.240625
0 0.682018 0.476562 0.104167 0.206250
0 0.639803 0.307812 0.078947 0.187500
0 0.598684 0.460938 0.080044 0.162500
0 0.540022 0.325000 0.098684 0.203125
0 0.493969 0.471875 0.105263 0.178125
0 0.432566 0.382812 0.098684 0.156250
0 0.395833 0.501563 0.095395 0.118750
0 0.328947 0.414062 0.115132 0.156250
0 0.307018 0.518750 0.075658 0.109375
0 0.249452 0.445312 0.085526 0.131250
0 0.825110 0.503125 0.083333 0.103125