0 0.227723 0.437500 0.102723 0.265152
0 0.188738 0.679924 0.054455 0.128788
0 0.167079 0.484848 0.045792 0.132576
0 0.259282 0.649621 0.071782 0.159091
0 0.280322 0.452652 0.108911 0.287879
0 0.326733 0.636364 0.117574 0.193182
0 0.358911 0.437500 0.105198 0.234848
0 0.414604 0.596591 0.132426 0.212121
0 0.430074 0.433712 0.103960 0.196970
0 0.477104 0.581439 0.103960 0.234848
0 0.489480 0.412879 0.116337 0.185606
0 0.550743 0.554924 0.144802 0.189394
0 0.559406 0.382576 0.107673 0.185606
0 0.600248 0.545455 0.097772 0.170455
0 0.632426 0.380682 0.102723 0.189394
0 0.673886 0.528409 0.091584 0.159091
0 0.703589 0.382576 0.116337 0.178030
0 0.750000 0.522727 0.087871 0.155303
0 0.775990 0.384470 0.097772 0.128788
0 0.793936 0.486742 0.113861 0.113636
0 0.842203 0.416667 0.076733 0.132576