0 0.164363 0.685819 0.100691 0.166259
0 0.203850 0.688264 0.114511 0.180929
0 0.183119 0.555012 0.065153 0.095355
0 0.269990 0.704156 0.090819 0.207824
0 0.334156 0.694377 0.080948 0.183374
0 0.389437 0.672372 0.088845 0.198044
0 0.451629 0.654034 0.110563 0.161369
0 0.521224 0.629584 0.099704 0.171149
0 0.584896 0.583130 0.098717 0.141809
0 0.651037 0.546455 0.096742 0.141809
0 0.732478 0.498778 0.111550 0.139364
0 0.797137 0.462103 0.084896 0.100244
0 0.237907 0.564792 0.076012 0.085575
0 0.291214 0.574572 0.068115 0.100244
0 0.352912 0.547677 0.071076 0.114914
0 0.407206 0.542787 0.073050 0.100244
0 0.461994 0.519560 0.068115 0.102689
0 0.531589 0.460880 0.084896 0.141809
0 0.595262 0.437653 0.081935 0.129584
0 0.670286 0.405868 0.081935 0.129584
0 0.748766 0.364303 0.080948 0.110024