0 0.792355 0.268293 0.089876 0.090909
0 0.776343 0.443459 0.126033 0.263858
0 0.716426 0.302661 0.092975 0.199557
0 0.686983 0.509978 0.081612 0.192905
0 0.647211 0.337029 0.078512 0.161863
0 0.629132 0.529933 0.083678 0.188470
0 0.582128 0.341463 0.090909 0.175166
0 0.563017 0.550998 0.100207 0.208426
0 0.522211 0.378049 0.105372 0.199557
0 0.493802 0.578714 0.091942 0.179601
0 0.458678 0.420177 0.098140 0.172949
0 0.429236 0.579823 0.078512 0.137472
0 0.388946 0.480044 0.078512 0.159645
0 0.310950 0.478936 0.079545 0.126386
0 0.255682 0.570953 0.095041 0.101996
0 0.360537 0.580931 0.079545 0.152993