0 0.258713 0.485656 0.054960 0.147541
0 0.282842 0.653689 0.071046 0.106557
0 0.315684 0.440574 0.083110 0.237705
0 0.382708 0.440574 0.072386 0.245902
0 0.355898 0.668033 0.075067 0.192623
0 0.416220 0.651639 0.077748 0.184426
0 0.445040 0.436475 0.100536 0.237705
0 0.479223 0.639344 0.093834 0.192623
0 0.490617 0.438525 0.103217 0.225410
0 0.536193 0.612705 0.092493 0.163934
0 0.569035 0.413934 0.144772 0.266393
0 0.607909 0.604508 0.099196 0.204918
0 0.638070 0.403689 0.108579 0.221311
0 0.682306 0.586066 0.095174 0.184426
0 0.744638 0.590164 0.088472 0.192623
0 0.711126 0.397541 0.069705 0.184426