0 0.728723 0.213675 0.108317 0.133903
0 0.719536 0.393162 0.089942 0.179487
0 0.663443 0.249288 0.122824 0.159544
0 0.648453 0.420228 0.071567 0.165242
0 0.593327 0.290598 0.102515 0.145299
0 0.572534 0.460114 0.082205 0.159544
0 0.529497 0.370370 0.077369 0.128205
0 0.496615 0.517094 0.065764 0.148148
0 0.449710 0.421652 0.074468 0.128205
0 0.415377 0.552707 0.069632 0.139601
0 0.370890 0.457265 0.069632 0.108262
0 0.333172 0.601140 0.081238 0.122507
0 0.288685 0.517094 0.073501 0.096866
0 0.224855 0.602564 0.096712 0.131054
0 0.801257 0.344729 0.044487 0.071225